Begin time: 2019-10-15 01:15:42.220538

len(callee_ids) = 10
  1.      1543      1536
/mnt/win-e/sourcecode/sox-14.4.2/libgsm/gsm_create.c: 20:1:455:496 : 	 1530 r
[[[1528, 1552]], [[1510, 1504, 1502, 1552]]]
  2.     31595     31586
/mnt/win-e/sourcecode/sox-14.4.2/lpc10/lpcini.c: 145:4:5215:5313 : 	 31580 st
[[[31573, 31569, 31604]], [[31569, 31604]]]
  3.     32161     32152
/mnt/win-e/sourcecode/sox-14.4.2/lpc10/lpcini.c: 256:4:7675:7773 : 	 32146 st
[[[32139, 32135, 32170]], [[32135, 32170]]]
  4.     71704     71699
/mnt/win-e/sourcecode/sox-14.4.2/src/coreaudio.c: 146:10:4514:4545 : 	 False devices
  5.     95474     95463
/mnt/win-e/sourcecode/sox-14.4.2/src/effects_i_dsp.c: 360:2:10758:10809 : 	 False h
  6.     98638     98629
/mnt/win-e/sourcecode/sox-14.4.2/src/example2.c: 78:2:2918:2973 : 	 False buf
  7.    158525    158512
/mnt/win-e/sourcecode/sox-14.4.2/src/noisered.c: 39:2:864:918 : 	 False work
  8.    169197    169182
/mnt/win-e/sourcecode/sox-14.4.2/src/rate.c: 59:2:2185:2258 : 	 False result
  9.    266639    266632
/mnt/win-e/sourcecode/sox-14.4.2/src/win32-glob.c: 38:4:1151:1195 : 	 266626 cur
[[[266624, 266649]], [[266603, 266593, 266585, 266579, 266567, 266649]]]
 10.    266886    266875
/mnt/win-e/sourcecode/sox-14.4.2/src/win32-glob.c: 117:8:2797:2852 : 	 266870 [u'pglob', u'gl_pathv']
[[[266864, 266856, 266854, 266813, 266778, 266745, 267123], [266864, 266856, 266854, 266833, 266845, 266854, 266813, 266778, 266745, 267123], [266864, 266856, 266854, 266813, 266778, 266774, 266772, 266749, 266745, 267123], [266864, 266856, 266854, 266833, 266845, 266854, 266813, 266778, 266774, 266772, 266749, 266745, 267123], [266864, 266856, 266854, 266813, 266778, 266774, 266772, 266768, 266762, 266755, 266772, 266749, 266745, 267123], [266864, 266856, 266854, 266833, 266845, 266854, 266813, 266778, 266774, 266772, 266768, 266762, 266755, 266772, 266749, 266745, 267123]], [[266806, 266802, 266778, 266745, 267123], [266806, 266802, 266778, 266774, 266772, 266749, 266745, 267123], [266806, 266802, 266778, 266774, 266772, 266768, 266762, 266755, 266772, 266749, 266745, 267123]]]
feature_func =：
/mnt/win-e/sourcecode/sox-14.4.2/libgsm/gsm_create.c: 20:1:455:496:
[1543, 1, [1, 2, 1], [1, 4, 1]]
/mnt/win-e/sourcecode/sox-14.4.2/lpc10/lpcini.c: 145:4:5215:5313:
[31595, 1, [1, 3, 1], [1, 2, 1]]
/mnt/win-e/sourcecode/sox-14.4.2/lpc10/lpcini.c: 256:4:7675:7773:
[32161, 1, [1, 3, 1], [1, 2, 1]]
/mnt/win-e/sourcecode/sox-14.4.2/src/coreaudio.c: 146:10:4514:4545:
[71704, 0, [0, 0, 0], [0, 0, 0]]
/mnt/win-e/sourcecode/sox-14.4.2/src/effects_i_dsp.c: 360:2:10758:10809:
[95474, 0, [0, 0, 0], [0, 0, 0]]
/mnt/win-e/sourcecode/sox-14.4.2/src/example2.c: 78:2:2918:2973:
[98638, 0, [0, 0, 0], [0, 0, 0]]
/mnt/win-e/sourcecode/sox-14.4.2/src/noisered.c: 39:2:864:918:
[158525, 0, [0, 0, 0], [0, 0, 0]]
/mnt/win-e/sourcecode/sox-14.4.2/src/rate.c: 59:2:2185:2258:
[169197, 0, [0, 0, 0], [0, 0, 0]]
/mnt/win-e/sourcecode/sox-14.4.2/src/win32-glob.c: 38:4:1151:1195:
[266639, 1, [1, 2, 0], [1, 6, 1]]
/mnt/win-e/sourcecode/sox-14.4.2/src/win32-glob.c: 117:8:2797:2852:
[266886, 1, [6, 71, 1], [3, 25, 1]]

ft= [0, 0, 0.1, 0.3, 0.1]