创建Data/marvel成功
获取alloc_workqueue的特征数据

extract_errFunc_feature:启动

len(callee_ids) = 9 
  1.     33528     33519 
/mnt/win-e/sourcecode/linux-5.2/drivers/net/wireless/marvell/libertas/if_sdio.c: 1181:1:26507:26576 : 	 False [u'card', u'workqueue']
  2.     39242     39233 
/mnt/win-e/sourcecode/linux-5.2/drivers/net/wireless/marvell/libertas/if_spi.c: 1157:1:28402:28470 : 	 39226 [u'card', u'workqueue']
[[[39220, 39218, 39109, 39102, 39100, 39093, 39091, 39087, 39075, 39073, 39502], [39220, 39218, 39109, 39102, 39100, 39093, 39091, 39087, 39078, 39075, 39073, 39502]], [[39203, 39190, 39171, 39169, 39149, 39147, 39137, 39135, 39075, 39073, 39502], [39203, 39190, 39171, 39169, 39162, 39160, 39120, 39111, 39109, 39102, 39100, 39093, 39091, 39087, 39075, 39073, 39502], [39203, 39190, 39171, 39169, 39162, 39160, 39120, 39111, 39109, 39102, 39100, 39093, 39091, 39087, 39078, 39075, 39073, 39502], [39203, 39190, 39171, 39169, 39149, 39147, 39145, 39133, 39122, 39120, 39111, 39109, 39102, 39100, 39093, 39091, 39087, 39075, 39073, 39502], [39203, 39190, 39171, 39169, 39149, 39147, 39145, 39133, 39122, 39120, 39111, 39109, 39102, 39100, 39093, 39091, 39087, 39078, 39075, 39073, 39502]]]
  3.     70118     70109 
/mnt/win-e/sourcecode/linux-5.2/drivers/net/wireless/marvell/libertas_tf/main.c: 708:1:18248:18306 : 	 70104 lbtf_wq
[[[70103, 70102, 70101, 70100, 70099, 70098, 70094, 70129]], [[70085, 70083, 70129]]]
  4.     98059     98044 
/mnt/win-e/sourcecode/linux-5.2/drivers/net/wireless/marvell/mwifiex/cfg80211.c: 3076:1:86381:86523 : 	 98037 [u'priv', u'dfs_chan_sw_workqueue']
[[[98026, 98020, 98018, 97854, 97845, 97839, 97837, 97830, 97824, 97822, 97820, 97818, 97799, 97791, 97785, 97778, 98948]], [[98003, 97992, 97985, 97949, 97942, 97940, 97901, 97890, 97881, 98948], [98003, 97992, 97985, 97949, 97942, 97940, 97912, 97904, 97903, 97873, 98948], [98003, 97992, 97985, 97949, 97942, 97940, 97934, 97926, 97925, 97873, 98948], [98003, 97992, 97985, 97949, 97942, 97940, 97923, 97915, 97914, 97873, 98948], [98003, 97992, 97985, 97949, 97942, 97940, 97936, 97934, 97926, 97925, 97873, 98948], [98003, 97992, 97985, 97949, 97942, 97940, 97938, 97936, 97934, 97926, 97925, 97873, 98948], [98003, 97992, 97985, 97974, 97968, 97966, 97871, 97862, 97856, 97854, 97845, 97839, 97837, 97830, 97824, 97822, 97820, 97818, 97799, 97791, 97785, 97778, 98948]]]
  5.     98120     98105 
/mnt/win-e/sourcecode/linux-5.2/drivers/net/wireless/marvell/mwifiex/cfg80211.c: 3064:1:86032:86169 : 	 98098 [u'priv', u'dfs_cac_workqueue']
[[[98087, 98081, 98079, 97837, 97830, 97824, 97822, 97820, 97818, 97799, 97791, 97785, 97778, 98948]], [[98064, 98043, 98037, 98003, 97992, 97985, 97949, 97942, 97940, 97901, 97890, 97881, 98948], [98064, 98043, 98037, 98003, 97992, 97985, 97949, 97942, 97940, 97912, 97904, 97903, 97873, 98948], [98064, 98043, 98037, 98003, 97992, 97985, 97949, 97942, 97940, 97934, 97926, 97925, 97873, 98948], [98064, 98043, 98037, 98003, 97992, 97985, 97949, 97942, 97940, 97923, 97915, 97914, 97873, 98948], [98064, 98043, 98037, 98003, 97992, 97985, 97949, 97942, 97940, 97936, 97934, 97926, 97925, 97873, 98948], [98064, 98043, 98037, 98003, 97992, 97985, 97949, 97942, 97940, 97938, 97936, 97934, 97926, 97925, 97873, 98948], [98064, 98043, 98037, 98026, 98020, 98018, 97854, 97845, 97839, 97837, 97830, 97824, 97822, 97820, 97818, 97799, 97791, 97785, 97778, 98948], [98064, 98043, 98037, 98003, 97992, 97985, 97974, 97968, 97966, 97871, 97862, 97856, 97854, 97845, 97839, 97837, 97830, 97824, 97822, 97820, 97818, 97799, 97791, 97785, 97778, 98948]]]
  6.    145722    145709 
/mnt/win-e/sourcecode/linux-5.2/drivers/net/wireless/marvell/mwifiex/main.c: 1520:2:43289:43419 : 	 145702 [u'adapter', u'rx_workqueue']
[[[145700, 145567, 145554, 145547, 145541, 145503, 145490, 145486, 145922], [145700, 145567, 145554, 145547, 145541, 145528, 145521, 145514, 145503, 145490, 145486, 145922]], [[145686, 145671, 145662, 145632, 145630, 145621, 145619, 145922], [145686, 145671, 145662, 145632, 145630, 145604, 145602, 145922], [145686, 145671, 145662, 145649, 145647, 145600, 145587, 145581, 145567, 145554, 145547, 145541, 145503, 145490, 145486, 145922], [145686, 145671, 145662, 145649, 145647, 145600, 145587, 145581, 145570, 145567, 145554, 145547, 145541, 145503, 145490, 145486, 145922], [145686, 145671, 145662, 145649, 145647, 145600, 145587, 145581, 145567, 145554, 145547, 145541, 145528, 145521, 145514, 145503, 145490, 145486, 145922], [145686, 145671, 145662, 145649, 145647, 145600, 145587, 145581, 145570, 145567, 145554, 145547, 145541, 145528, 145521, 145514, 145503, 145490, 145486, 145922]]]
  7.    145767    145754 
/mnt/win-e/sourcecode/linux-5.2/drivers/net/wireless/marvell/mwifiex/main.c: 1511:1:43037:43146 : 	 145747 [u'adapter', u'workqueue']
[[[145745, 145567, 145554, 145547, 145541, 145503, 145490, 145486, 145922], [145745, 145567, 145554, 145547, 145541, 145528, 145521, 145514, 145503, 145490, 145486, 145922]], [[145731, 145727, 145671, 145662, 145632, 145630, 145621, 145619, 145922], [145731, 145727, 145671, 145662, 145632, 145630, 145604, 145602, 145922], [145731, 145727, 145708, 145702, 145686, 145671, 145662, 145632, 145630, 145621, 145619, 145922], [145731, 145727, 145708, 145702, 145686, 145671, 145662, 145632, 145630, 145604, 145602, 145922], [145731, 145727, 145708, 145702, 145700, 145567, 145554, 145547, 145541, 145503, 145490, 145486, 145922], [145731, 145727, 145708, 145702, 145700, 145567, 145554, 145547, 145541, 145528, 145521, 145514, 145503, 145490, 145486, 145922], [145731, 145727, 145671, 145662, 145649, 145647, 145600, 145587, 145581, 145567, 145554, 145547, 145541, 145503, 145490, 145486, 145922], [145731, 145727, 145671, 145662, 145649, 145647, 145600, 145587, 145581, 145570, 145567, 145554, 145547, 145541, 145503, 145490, 145486, 145922], [145731, 145727, 145708, 145702, 145686, 145671, 145662, 145649, 145647, 145600, 145587, 145581, 145567, 145554, 145547, 145541, 145503, 145490, 145486, 145922], [145731, 145727, 145671, 145662, 145649, 145647, 145600, 145587, 145581, 145567, 145554, 145547, 145541, 145528, 145521, 145514, 145503, 145490, 145486, 145922], [145731, 145727, 145708, 145702, 145686, 145671, 145662, 145649, 145647, 145600, 145587, 145581, 145570, 145567, 145554, 145547, 145541, 145503, 145490, 145486, 145922], [145731, 145727, 145671, 145662, 145649, 145647, 145600, 145587, 145581, 145570, 145567, 145554, 145547, 145541, 145528, 145521, 145514, 145503, 145490, 145486, 145922], [145731, 145727, 145708, 145702, 145686, 145671, 145662, 145649, 145647, 145600, 145587, 145581, 145567, 145554, 145547, 145541, 145528, 145521, 145514, 145503, 145490, 145486, 145922], [145731, 145727, 145708, 145702, 145686, 145671, 145662, 145649, 145647, 145600, 145587, 145581, 145570, 145567, 145554, 145547, 145541, 145528, 145521, 145514, 145503, 145490, 145486, 145922]]]
  8.    146435    146422 
/mnt/win-e/sourcecode/linux-5.2/drivers/net/wireless/marvell/mwifiex/main.c: 1675:2:47612:47742 : 	 146415 [u'adapter', u'rx_workqueue']
[[[146413, 146265, 146259, 146240, 146238, 146234, 146646], [146413, 146265, 146259, 146248, 146240, 146238, 146234, 146646]], [[146399, 146386, 146364, 146349, 146646], [146399, 146386, 146377, 146375, 146318, 146305, 146298, 146292, 146265, 146259, 146240, 146238, 146234, 146646], [146399, 146386, 146377, 146375, 146318, 146305, 146298, 146292, 146265, 146259, 146248, 146240, 146238, 146234, 146646], [146399, 146386, 146377, 146375, 146318, 146305, 146298, 146292, 146283, 146276, 146269, 146265, 146259, 146240, 146238, 146234, 146646], [146399, 146386, 146377, 146375, 146318, 146305, 146298, 146292, 146283, 146276, 146269, 146265, 146259, 146248, 146240, 146238, 146234, 146646], [146399, 146386, 146364, 146355, 146353, 146347, 146338, 146332, 146318, 146305, 146298, 146292, 146265, 146259, 146240, 146238, 146234, 146646], [146399, 146386, 146364, 146355, 146353, 146347, 146338, 146332, 146321, 146318, 146305, 146298, 146292, 146265, 146259, 146240, 146238, 146234, 146646], [146399, 146386, 146364, 146355, 146353, 146347, 146338, 146332, 146318, 146305, 146298, 146292, 146265, 146259, 146248, 146240, 146238, 146234, 146646], [146399, 146386, 146364, 146355, 146353, 146347, 146338, 146332, 146321, 146318, 146305, 146298, 146292, 146265, 146259, 146248, 146240, 146238, 146234, 146646], [146399, 146386, 146364, 146355, 146353, 146347, 146338, 146332, 146318, 146305, 146298, 146292, 146283, 146276, 146269, 146265, 146259, 146240, 146238, 146234, 146646], [146399, 146386, 146364, 146355, 146353, 146347, 146338, 146332, 146321, 146318, 146305, 146298, 146292, 146283, 146276, 146269, 146265, 146259, 146240, 146238, 146234, 146646], [146399, 146386, 146364, 146355, 146353, 146347, 146338, 146332, 146318, 146305, 146298, 146292, 146283, 146276, 146269, 146265, 146259, 146248, 146240, 146238, 146234, 146646], [146399, 146386, 146364, 146355, 146353, 146347, 146338, 146332, 146321, 146318, 146305, 146298, 146292, 146283, 146276, 146269, 146265, 146259, 146248, 146240, 146238, 146234, 146646]]]
  9.    146480    146467 
/mnt/win-e/sourcecode/linux-5.2/drivers/net/wireless/marvell/mwifiex/main.c: 1666:1:47360:47469 : 	 146460 [u'adapter', u'workqueue']
[[[146458, 146265, 146259, 146240, 146238, 146234, 146646], [146458, 146265, 146259, 146248, 146240, 146238, 146234, 146646]], [[146444, 146440, 146386, 146364, 146349, 146646], [146444, 146440, 146421, 146415, 146399, 146386, 146364, 146349, 146646], [146444, 146440, 146421, 146415, 146413, 146265, 146259, 146240, 146238, 146234, 146646], [146444, 146440, 146421, 146415, 146413, 146265, 146259, 146248, 146240, 146238, 146234, 146646], [146444, 146440, 146386, 146377, 146375, 146318, 146305, 146298, 146292, 146265, 146259, 146240, 146238, 146234, 146646], [146444, 146440, 146386, 146377, 146375, 146318, 146305, 146298, 146292, 146265, 146259, 146248, 146240, 146238, 146234, 146646], [146444, 146440, 146421, 146415, 146399, 146386, 146377, 146375, 146318, 146305, 146298, 146292, 146265, 146259, 146240, 146238, 146234, 146646], [146444, 146440, 146386, 146377, 146375, 146318, 146305, 146298, 146292, 146283, 146276, 146269, 146265, 146259, 146240, 146238, 146234, 146646], [146444, 146440, 146421, 146415, 146399, 146386, 146377, 146375, 146318, 146305, 146298, 146292, 146265, 146259, 146248, 146240, 146238, 146234, 146646], [146444, 146440, 146386, 146377, 146375, 146318, 146305, 146298, 146292, 146283, 146276, 146269, 146265, 146259, 146248, 146240, 146238, 146234, 146646], [146444, 146440, 146386, 146364, 146355, 146353, 146347, 146338, 146332, 146318, 146305, 146298, 146292, 146265, 146259, 146240, 146238, 146234, 146646], [146444, 146440, 146386, 146364, 146355, 146353, 146347, 146338, 146332, 146321, 146318, 146305, 146298, 146292, 146265, 146259, 146240, 146238, 146234, 146646], [146444, 146440, 146386, 146364, 146355, 146353, 146347, 146338, 146332, 146318, 146305, 146298, 146292, 146265, 146259, 146248, 146240, 146238, 146234, 146646], [146444, 146440, 146421, 146415, 146399, 146386, 146377, 146375, 146318, 146305, 146298, 146292, 146283, 146276, 146269, 146265, 146259, 146240, 146238, 146234, 146646], [146444, 146440, 146386, 146364, 146355, 146353, 146347, 146338, 146332, 146321, 146318, 146305, 146298, 146292, 146265, 146259, 146248, 146240, 146238, 146234, 146646], [146444, 146440, 146421, 146415, 146399, 146386, 146377, 146375, 146318, 146305, 146298, 146292, 146283, 146276, 146269, 146265, 146259, 146248, 146240, 146238, 146234, 146646], [146444, 146440, 146421, 146415, 146399, 146386, 146364, 146355, 146353, 146347, 146338, 146332, 146318, 146305, 146298, 146292, 146265, 146259, 146240, 146238, 146234, 146646], [146444, 146440, 146386, 146364, 146355, 146353, 146347, 146338, 146332, 146318, 146305, 146298, 146292, 146283, 146276, 146269, 146265, 146259, 146240, 146238, 146234, 146646], [146444, 146440, 146421, 146415, 146399, 146386, 146364, 146355, 146353, 146347, 146338, 146332, 146321, 146318, 146305, 146298, 146292, 146265, 146259, 146240, 146238, 146234, 146646], [146444, 146440, 146421, 146415, 146399, 146386, 146364, 146355, 146353, 146347, 146338, 146332, 146318, 146305, 146298, 146292, 146265, 146259, 146248, 146240, 146238, 146234, 146646], [146444, 146440, 146386, 146364, 146355, 146353, 146347, 146338, 146332, 146321, 146318, 146305, 146298, 146292, 146283, 146276, 146269, 146265, 146259, 146240, 146238, 146234, 146646], [146444, 146440, 146386, 146364, 146355, 146353, 146347, 146338, 146332, 146318, 146305, 146298, 146292, 146283, 146276, 146269, 146265, 146259, 146248, 146240, 146238, 146234, 146646], [146444, 146440, 146421, 146415, 146399, 146386, 146364, 146355, 146353, 146347, 146338, 146332, 146321, 146318, 146305, 146298, 146292, 146265, 146259, 146248, 146240, 146238, 146234, 146646], [146444, 146440, 146386, 146364, 146355, 146353, 146347, 146338, 146332, 146321, 146318, 146305, 146298, 146292, 146283, 146276, 146269, 146265, 146259, 146248, 146240, 146238, 146234, 146646], [146444, 146440, 146421, 146415, 146399, 146386, 146364, 146355, 146353, 146347, 146338, 146332, 146318, 146305, 146298, 146292, 146283, 146276, 146269, 146265, 146259, 146240, 146238, 146234, 146646], [146444, 146440, 146421, 146415, 146399, 146386, 146364, 146355, 146353, 146347, 146338, 146332, 146321, 146318, 146305, 146298, 146292, 146283, 146276, 146269, 146265, 146259, 146240, 146238, 146234, 146646], [146444, 146440, 146421, 146415, 146399, 146386, 146364, 146355, 146353, 146347, 146338, 146332, 146318, 146305, 146298, 146292, 146283, 146276, 146269, 146265, 146259, 146248, 146240, 146238, 146234, 146646], [146444, 146440, 146421, 146415, 146399, 146386, 146364, 146355, 146353, 146347, 146338, 146332, 146321, 146318, 146305, 146298, 146292, 146283, 146276, 146269, 146265, 146259, 146248, 146240, 146238, 146234, 146646]]]
extract_errFunc_feature:保存数据到Data/marvel/alloc_workqueue.data

extract_errFunc_feature:各实例的特征提取结果如下
feature_callee = [
	callee_id, 
	未使用前检查（0,1）,
	[正确路径的路径数量,正确路径的语句数量，正确路径中使用返回值变量(1,0)],
	[错误路径的路径数量,正确路径的语句数量，错误路径中使用了返回值变量(1,0)],
]

feature_callees = 

/mnt/win-e/sourcecode/linux-5.2/drivers/net/wireless/marvell/libertas/if_sdio.c: 1181:1:26507:26576:
[33528, 0, [0, 0, 0], [0, 0, 0]]
/mnt/win-e/sourcecode/linux-5.2/drivers/net/wireless/marvell/libertas/if_spi.c: 1157:1:28402:28470:
[39242, 1, [2, 23, 1], [5, 87, 1]]
/mnt/win-e/sourcecode/linux-5.2/drivers/net/wireless/marvell/libertas_tf/main.c: 708:1:18248:18306:
[70118, 1, [1, 8, 0], [1, 3, 0]]
/mnt/win-e/sourcecode/linux-5.2/drivers/net/wireless/marvell/mwifiex/cfg80211.c: 3076:1:86381:86523:
[98059, 1, [1, 17, 1], [7, 91, 1]]
/mnt/win-e/sourcecode/linux-5.2/drivers/net/wireless/marvell/mwifiex/cfg80211.c: 3064:1:86032:86169:
[98120, 1, [1, 14, 1], [8, 132, 1]]
/mnt/win-e/sourcecode/linux-5.2/drivers/net/wireless/marvell/mwifiex/main.c: 1520:2:43289:43419:
[145722, 1, [2, 21, 1], [6, 88, 1]]
/mnt/win-e/sourcecode/linux-5.2/drivers/net/wireless/marvell/mwifiex/main.c: 1511:1:43037:43146:
[145767, 1, [2, 21, 1], [14, 235, 1]]
/mnt/win-e/sourcecode/linux-5.2/drivers/net/wireless/marvell/mwifiex/main.c: 1675:2:47612:47742:
[146435, 1, [2, 15, 1], [13, 233, 1]]
/mnt/win-e/sourcecode/linux-5.2/drivers/net/wireless/marvell/mwifiex/main.c: 1666:1:47360:47469:
[146480, 1, [2, 15, 1], [28, 554, 1]]
获取alloc_workqueue的识别结果

[[33528, 0, -1, 0, 0], [39242, 1, 1, 1, 0], [70118, 1, 0, 1, 0], [98059, 1, 1, 1, 0], [98120, 1, 1, 1, 0], [145722, 1, 1, 1, 0], [145767, 1, 1, 1, 0], [146435, 1, 1, 1, 0], [146480, 1, 1, 1, 0]]
